train_subjects
633847
100206
116423
158035
187143
412528
461743
154835
907656
211922
421226
456346
122822
165840
123521
962058
156334
644246
152831
579867
246133
390645
127630
104416
689470
176037
751550
129129
679568
124826
182739
182032
257845
459453
101410
704238
386250
117324
156637
912447
135730
620434
144226
129028
454140
453542
111716
126325
118124
119126
568963
164030
346137
748258
567759
748662
996782
177645
615441
115724
133928
153732
175035
622236
199251
146634
549757
786569
167440
102614
137128
168139
627852
898176
123723
160830
406432
512835
979984
122620
186848
298455
856463
129937
765056
692964
197348
835657
362034
857263
826454
183741
287248
792867
645551
110613
255639
917255
183034
927359
101107
169343
728454
150524
475855
173738
205725
146331
198653
179245
531536
191336
871964
672756
130922
212823
130619
176441
128329
965367
201717
896778
179346
136833
198350
360030
336841
172130
112516
148133
236130
159441
214625
231928
749058
887373
773257
789373
167743
102109
871762
701535
334635
207123
889579
168240
792766
932554
139435
143830
180735
129331
194443
521331
192641
705341
142828
923755
133625
108121
120212
211417
688569
199958
135528
201515
529953
103818
256540
194847
872158
677968
125525
558960
365343
192843
173839
969476
547046
784565
126628
193239
765864
161731
224022
753150
138837
707749
198249
148032
297655
103111
540436
146432
156435
973770
767464
316633
453441
180836
329440
130114
469961
153429
877269
142424
140319
114823
930449
387959
305830
123925
148840
825048
239136
108222
199453
200917
285446
106521
695768
199352
134829
589567
131419
186040
818455
214423
552544
965771
107018
873968
788876
987983
213421
825553
202820
793465
782561
541943
330324
665254
991267
753251
513130
178849
513736
144933
151324
114621
856766
193845
763557
929464
800941
919966
366042
492754
567052
561444
111009
467351
140925
715041
176239
133019
126426
198047
199150
169444
173334
155231
943862
465852
810439
391748
662551
238033
382242
191942
656253
127731
392750
131722
281135
121719
200210
210112
548250
172938
654754
153631
134021
570243
380036
667056
106824
760551
137532
159845
731140
833249
213017
339847
149236
647858
205119
143325
138534
140117
735148
200008
698168
146937
870861
138231
137027
348545
118932
559053
134728
227432
131823
990366
149539
212116
394956
401422
972566
213522
966975
867468
144832
212419
206727
122317
413934
953764
522434
378756
358144
828862
316835
485757
144125
182436
524135
371843
111514
352738
611938
395958
121921
917558
448347
209329
432332
146533
720337
190031
159744
122418
128632
151728
173435
177140
908860
239944
192035
206323
654552
553344
311320
209935
185442
557857
162733
151021
237334
578057
706040
623137
168947
135225
150726
217429
151526
135629
368551
664757
181131
108828
135124
177241
112819
322224
506234
135932
178243
286650
211619
585256
114116
468050
342129
627549
104820
149337
112112
171532
525541
769064
200311
680250
598568
693764
567961
197651
105620
196851
165941
103515
729254
132118
690152
517239
885975
112920
163836
942658
151930
202719
248339
130013
573451
518746
152427
119025
113922
157942
381543
845458
978578
109830
959574
145632
761957
100610
779370
581349
989987
210617
127226
185038
121416
884064
188448
894673
161630
111312
120717
675661
510225
134627
192136
725751
137633
368753
154936
320826
102816
486759
174437
393550
250427
123824
580751
251833
196346
146735
139839
877168
102311
154330
157437
300719
212318
145127
139637
125222
638049
385450
164939
209834
286347
160123
206525
983773
599469
905147
165234
958976
594156
191235
151223
154734
200614
970764
709551
117728
124220
106319
107422
105216
136126
788674
481042
187850
209531
922854
599065
802844
601127
221319
523032
108525
172029
209228
149842
208125
381038
189652
175237
395756
572045
592455
686969
827052
377451
679770
172332
154229
217126
872562
175136
844961
268850
891667
180533
902242
117021
861456
193441
201111
176744
141422
178142
176845
198855
103212
204622
872764
346945
118730
614439
673455
175338
816653
123420
910241
107321
212217
436239
414229
303624
833148
207426
203418
911849
604537
516742
177746
289555
174841
520228
167238
300618
590047
120111
179952
150625
422632
275645
519647
156536
175439
105923
116221
156031
715950
109325
146129
186949
115825
113316
479762
613538
107220
102715
597869
191033
210415
937160
882161
609143
166438
168745
317332
166640
100307
171633
814548
886674
263436
329844
992673
103414
101309
268749
766563
926862
155938
113215
125424
481951
389357
139233
820745
349244
433839
293748
155635
153227
415837
742549
182840
113821
749361
599671
280739
211720
208428
685058
657659
107725
361234
308331
285345
565452
573249
140824
127933
654350
634748
424939
151627
555954
165436
172534
341834
195445
171330
206828
115320
189450
189349
120414
172433
849971
683256
169545
901139
131924
188145
154431
161832
129533
812746
211316
113417
392447
191841
185341
101006
250932
984472
148941
737960
130316
158136
185846
617748
724446
818859
206222
202113
199655
687163
119833
117122
933253
150928
180129
116524
147737
626648
759869
136227
171431
837964
129634
555651
713239
169040
137431
221218
585862
869472
441939
205220
366446
406836
208024
227533
245333
397861
814649
165032
663755
307127
283543
644044
180230
783462
200109
137936
143426
734045
106016
562446
732243
361941
111413
175742
204016
295146
114419
480141
val_subjects
566454
756055
171128
147030
192439
158843
878877
888678
201818
436845
205826
894774
178950
140420
352132
141119
529549
203923
571548
194746
837560
616645
172635
195647
160729
541640
552241
393247
298051
901442
561949
128127
153934
191437
102008
144731
105014
803240
859671
894067
318637
723141
152225
186444
561242
134425
110007
201414
586460
162329
115219
128026
757764
180432
333330
550439
208327
530635
165638
395251
103010
729557
751348
180937
164131
127832
144428
197550
148335
826353
299154
164636
134223
555348
161327
187345
153126
145531
536647
233326
571144
188751
153833
154532
583858
645450
255740
108020
832651
397154
138130
581450
173132
211215
220721
587664
181232
169141
111211
162026
119732
558657
499566
379657
117930
896879
852455
159239
204420
284646
510326
727553
206929
214726
163331
145834
580650
130417
715647
212015
677766
618952
200513
120010
804646
497865
109123
132017
123117
159340
133827
168341
173940
169747
771354
901038
579665
353740
151425
809252
899885
178748
500222
102513
196750
163129
118023
136732
623844
104012
429040
562345
183337
118528
159138
211114
822244
185947
196144
744553
910443
214524
test_subjects
100408
101915
105115
108323
110411
112314
113619
114217
114318
114924
115017
116726
118225
118831
120515
121315
121618
124422
124624
127327
128935
130518
130720
130821
131217
134324
136631
137229
138332
141826
143224
146836
147636
148436
149741
150423
151829
153025
156233
157336
158338
158540
159946
162228
162935
163432
167036
169949
170631
170934
171734
173536
173637
175540
176542
177342
178647
181636
185139
186141
186545
187547
188347
188549
192237
192540
194140
194645
195041
195849
195950
196952
198451
204218
204319
204521
208226
208630
209127
210011
211821
214019
214221
219231
223929
228434
249947
257542
257946
270332
274542
280941
290136
299760
303119
304020
304727
308129
309636
310621
314225
321323
325129
350330
355239
356948
376247
378857
385046
397760
419239
445543
449753
463040
473952
495255
519950
531940
545345
559457
576255
578158
580044
580347
588565
613235
615744
628248
635245
656657
660951
668361
671855
680452
680957
694362
700634
702133
727654
734247
770352
774663
792564
810843
815247
825654
841349
843151
849264
856968
865363
878776
880157
904044
947668
951457
952863
955465
957974
971160
987074
992774
993675
994273
